1 121 31 61 91
122 211 144 166 188
212 341 244 276 308
342 434 365 388 411
435 1187 623 811 999
1188 1405 1242 1296 1350
1406 1461 1419 1432 1445
1462 1563 1487 1512 1537
1564 1596 1572 1580 1588
1597 1612 1600 1603 1606
1613 1686 1631 1649 1667
1687 1781 1710 1733 1756
1782 1945 1822 1862 1902
1946 1986 1956 1966 1976
1987 2065 2006 2025 2044
2066 2111 2077 2088 2099
2112 2196 2133 2154 2175
2197 2231 2205 2213 2221
2232 2266 2240 2248 2256
2267 2304 2276 2285 2294
2305 2728 2410 2515 2620
2729 2813 2750 2771 2792
2814 2932 2843 2872 2901
